4294967278,62
4294967278,61
4294967278,60
4294967278,59
4294967278,58
4294967278,57
4294967278,56
4294967279,84
4294967279,81
4294967279,78
4294967279,77
4294967279,76
4294967279,75
4294967279,74
4294967279,72
4294967279,71
4294967279,70
4294967279,69
4294967279,66
4294967279,64
4294967279,62
4294967279,61
4294967279,60
4294967279,59
4294967279,58
4294967279,52
4294967279,51
4294967279,49
4294967279,48
4294967278,132
4294967278,131
4294967278,130
4294967278,129
4294967278,126
4294967278,124
4294967278,321
4294967278,123
4294967278,122
4294967278,423
4294967278,120
4294967278,247
4294967278,119
4294967278,115
4294967278,111
4294967278,229
4294967278,109
4294967278,225
4294967278,107
4294967278,106
4294967278,221
4294967278,105
4294967278,104
4294967278,101
4294967278,382
4294967278,99
4294967278,98
4294967278,317
4294967278,96
4294967278,95
4294967278,94
4294967278,93
4294967278,92
4294967278,90
4294967278,86
4294967278,84
4294967278,83
4294967278,81
4294967278,365
4294967278,80
4294967278,75
4294967278,410
4294967278,73
4294967278,309
4294967278,72
4294967278,403
4294967278,71
4294967278,307
4294967278,70
4294967278,68
4294967278,67
4294967278,66
4294967278,65
4294967279,82
4294967279,328
4294967279,80
4294967279,300
4294967279,79
4294967279,571
4294967279,73
4294967279,297
4294967279,68
4294967279,67
4294967279,65
4294967279,56
4294967279,54
4294967279,53
4294967279,521
4294967279,46
4294967279,45
4294967279,43
4294967279,42
4294967279,41
4294967279,40
4294967279,39
4294967279,559
4294967279,37
4294967279,288
4294967279,36
4294967279,34
4294967279,33
4294967279,32
4294967279,31
4294967279,30
4294967279,29
4294967279,28
4294967279,27
4294967279,336
4294967279,26
4294967279,285
4294967279,24
4294967279,23
4294967279,283
4294967279,22
4294967279,21
4294967279,269
4294967279,20
4294967279,19
4294967279,18
4294967279,17
4294967279,16
4294967279,15
4294967279,14
4294967279,13
4294967279,12
4294967279,10
4294967279,9
4294967279,7
4294967279,6
4294967279,5
4294967279,4
4294967278,127
4294967278,372
4294967278,371
4294967278,125
4294967278,324
4294967278,323
4294967278,254
274,7
4294967278,322
4294967294,387
4294967278,121
4294967278,251
4294967278,246
4294967278,118
4294967278,245
4294967278,117
4294967294,107
4294967294,499
4294967278,242
4294967294,393
4294967294,424
4294967294,120
4294967278,415
4294967278,116
4294967278,241
4294967278,238
4294967278,114
4294967278,320
4294967279,375
4294967294,1000
4294967278,113
4294967278,319
4294967278,112
4294967278,235
4294967278,232
4294967294,38
4294967294,37
4294967294,45
4294967294,44
4294967294,29
4294967294,40
4294967294,437
4294967294,43
4294967278,432
4294967278,110
4294967294,42
4294967278,228
4294967278,108
4294967278,226
4294967278,227
4294967278,224
274,6
274,5
4294967278,222
274,4
274,3
274,2
274,1
4294967278,220
4294967294,51
4294967294,417
4294967294,52
4294967294,99
4294967294,76
4294967294,86
4294967294,85
4294967294,82
4294967278,103
4294967278,217
4294967294,1415
4294967278,102
4294967278,214
4294967278,404
4294967278,213
4294967294,92
4294967294,90
4294967294,88
4294967278,100
4294967278,212
4294967278,402
4294967278,211
4294967278,97
4294967278,318
4294967278,208
4294967279,374
4294967278,207
4294967278,91
4294967278,205
4294967278,204
4294967278,380
4294967278,203
4294967294,5
4294967278,79
4294967278,89
4294967278,389
4294967294,1016
4294967278,87
4294967278,200
4294967278,367
4294967278,199
4294967294,1095
4294967278,85
4294967278,198
4294967278,421
4294967279,373
4294967279,539
4294967279,85
4294967278,197
4294967279,83
4294967279,196
4294967278,82
4294967278,401
4294967278,192
271,6
4294967278,194
271,5
271,4
4294967278,193
271,3
271,2
271,1
4294967278,411
4294967278,78
4294967278,364
4294967278,69
4294967294,1018
4294967294,1098
4294967279,372
4294967278,77
4294967278,386
4294967279,190
4294967278,76
4294967278,311
4294967279,189
4294967278,188
4294967279,188
4294967278,74
4294967278,187
4294967278,388
4294967294,8
4294967279,187
4294967294,6
4294967278,186
4294967278,185
4294967279,185
4294967278,182
4294967278,184
4294967278,183
4294967278,181
4294967278,180
4294967279,180
4294967279,541
4294967278,179
4294967278,178
4294967278,64
4294967294,390
4294967278,431
4294967278,63
4294967279,63
4294967279,339
4294967279,175
268,7
4294967279,526
4294967294,388
4294967279,57
4294967279,55
4294967279,167
4294967279,166
268,6
268,5
268,4
268,3
268,2
268,1
4294967279,50
4294967278,300
4294967278,260
0,5
4294967294,89
4294967279,160
4294967279,47
4294967279,346
4294967279,44
4294967279,533
4294967279,154
4294967279,38
4294967294,22
4294967279,35
4294967279,146
4294967279,333
4294967279,515
4294967278,430
4294967279,143
4294967279,337
265,6
265,5
265,4
265,3
265,2
265,1
4294967279,342
4294967279,572
